Program:    MAESTRA                                                                         
Control:    Run a single tree in a 10x10 stand of trees.                                    
Trees:      10x10 trees plot, 1000 trees on one hectare plot.                               
Structure:                                                                      Multispecies
Physiology:                                                                     Multispecies
Met data:   HFE Met station 2013-9-14 to 2014-5-26                                          
Water bal.:                                                                                 
                                                                                
DOY: simulation date
Tree: tree number
Spec: tree species number
absPAR:   absorbed PAR              MJ tree-1 d-1
absNIR:   absorbed NIR              MJ  tree-1 d-1
absTherm: absorbed thermal          MJ tree-1 d-1
totPs: gross photosynthesis         mol tree-1 d-1
totRf: daily foliar respiration     mol tree-1 d-1
netPs: photosyn. net of foliar resp   mol tree-1 d-1
totLE1: daily transpiration         mol H2O tree-1 d-1
totLE2: daily transpirn (CANOPY calc) mol H2O m-2 d-1
totH:  daily sensible heat flux     MJ tree-1 d-1
                                                                                
Columns: DOY Tree Spec absPAR absNIR absTherm totPs totRf netPs totLE1 totLE2 totH
      1   45    1      10.6896       3.1168     -35.5719       1.5733       0.2496       1.3237     134.1818      17.1863     -10.8659
      2   45    1      11.8925       3.4537     -36.0956       1.7705       0.2352       1.5353     153.3235      19.8579     -10.5048
      3   45    1       3.1319       0.9017     -35.2271       0.6798       0.2220       0.4578      29.1401       4.7642     -13.5603
      4   45    1      13.5233       3.9196     -38.2009       1.8948       0.2875       1.6073     205.9825      25.9269     -11.8123
      5   45    1      16.1821       4.7116     -40.0689       2.0581       0.3413       1.7168     309.7682      38.4086     -14.5367
      6   45    1      17.5108       5.0973     -40.0775       2.2284       0.2860       1.9424     314.9323      38.7785     -13.2340
      7   45    1      16.5920       4.8426     -38.2675       2.2132       0.2248       1.9884     272.4464      33.7209     -11.6979
      8   45    1      17.7482       5.1731     -39.0974       2.3108       0.2402       2.0706     271.8447      33.7496     -10.7372
      9   45    1      17.1717       5.0052     -40.7974       2.2289       0.3010       1.9278     305.0312      37.8952     -13.8745
     10   45    1      18.7838       5.4814     -42.1117       2.3428       0.3460       1.9968     325.9581      40.3670     -13.3996
     11   45    1      14.0664       4.0890     -42.7417       1.8829       0.3940       1.4889     285.0541      35.5998     -17.1728
     12   45    1      18.7628       5.4893     -45.2264       2.2594       0.4571       1.8023     388.7563      47.7235     -17.7962
     13   45    1      19.3049       5.6615     -44.0288       2.3984       0.3831       2.0152     395.4073      48.8852     -16.9022
     14   45    1      19.4485       5.7196     -42.9393       2.5281       0.2912       2.2369     352.7385      43.3446     -14.2022
     15   45    1      19.8186       5.8232     -45.1691       2.4744       0.3722       2.1022     408.6825      50.4150     -17.6476
     16   45    1      20.0139       5.8993     -45.1671       2.5929       0.3474       2.2455     387.6967      47.7021     -16.0127
     17   45    1      19.8049       5.8513     -45.9389       2.4713       0.4255       2.0458     396.0343      48.6545     -17.3320
     18   45    1      14.2067       4.1653     -46.2467       1.9551       0.4509       1.5042     328.1431      40.2295     -21.0061
     19   45    1      21.2643       6.2895     -46.7391       2.7255       0.3765       2.3490     400.5705      49.1568     -15.7685
     20   45    1      12.6419       3.7013     -43.7156       2.0916       0.2942       1.7974     233.7950      28.9634     -16.8593
     21   45    1      22.0835       6.5545     -46.0722       2.8403       0.3307       2.5096     403.8171      49.3431     -15.1193
     22   45    1      20.4171       6.0585     -48.1318       2.6472       0.4317       2.2155     401.5676      49.1945     -17.7997
     23   45    1      22.5052       6.6827     -51.9112       2.5685       0.6009       1.9676     521.8148      63.0329     -23.0294
     24   45    1      19.5065       5.8153     -49.0037       2.6418       0.4055       2.2363     370.7017      45.6047     -17.2896
     25   45    1      20.7992       6.1757     -47.8910       2.8837       0.3488       2.5348     344.8199      42.7191     -16.0712
     26   45    1      24.3120       7.2447     -52.3043       2.8872       0.5340       2.3532     476.1442      57.8712     -20.3007
     27   45    1      23.9082       7.1192     -56.7777       2.5031       0.7804       1.7226     555.9287      66.0018     -27.2698
     28   45    1      23.7872       7.1012     -52.8358       2.9982       0.5014       2.4967     445.3988      54.8886     -17.7979
     29   45    1      25.5492       7.6404     -54.9621       2.8764       0.6283       2.2480     521.5994      62.8900     -22.9080
     30   45    1      25.2216       7.5596     -57.6438       2.8219       0.7849       2.0370     478.7251      58.0472     -22.1614
     31   45    1      25.3080       7.6290     -52.0655       3.2439       0.4082       2.8357     463.6395      56.1569     -18.0818
     32   45    1      27.4203       8.2409     -52.1078       3.4139       0.4001       3.0138     471.6446      57.0564     -16.1437
     33   45    1      27.1802       8.1776     -55.1319       3.2282       0.5433       2.6849     572.4438      69.3358     -22.8185
     34   45    1      20.5787       6.1748     -56.3270       2.4724       0.6543       1.8181     499.3865      59.9911     -28.3086
     35   45    1      24.1221       7.2186     -52.4323       3.3247       0.4004       2.9243     445.9542      54.4310     -18.6179
     36   45    1      27.3264       8.2480     -53.0571       3.4987       0.4240       3.0747     458.2621      55.9275     -15.9996
     37   45    1      20.9480       6.2473     -53.8868       2.9071       0.5528       2.3543     373.3999      45.7798     -20.3435
     38   45    1      18.4146       5.4788     -55.9946       2.4755       0.7286       1.7468     386.8219      46.9118     -25.1959
     39   45    1       9.1731       2.7141     -54.8352       1.6126       0.5489       1.0637     132.3340      17.5340     -24.1124
     40   45    1      24.1979       7.2581     -60.5314       2.9880       0.7684       2.2196     556.5374      67.4033     -28.0683
     41   45    1      27.9350       8.4243     -57.0357       3.6512       0.4701       3.1811     548.4011      66.9135     -21.4742
     42   45    1      21.2004       6.3311     -52.6072       3.1778       0.3746       2.8032     403.0649      49.3107     -20.7561
     43   45    1      29.1456       8.8064     -56.3191       3.7814       0.4397       3.3417     519.9435      63.5763     -18.3595
     44   45    1      23.9401       7.1936     -55.9888       3.3854       0.4714       2.9139     440.8581      54.7271     -20.4823
     45   45    1      19.1638       5.7324     -56.3890       2.8905       0.5232       2.3673     328.6952      41.0866     -21.4696
     46   45    1      11.6138       3.4585     -54.2512       1.8868       0.4370       1.4499     180.7346      23.1795     -23.2621
     47   45    1      29.1485       8.7602     -57.1832       3.9145       0.4442       3.4702     481.4860      58.8188     -16.7526
     48   45    1      29.7435       9.0307     -59.3137       3.8732       0.5245       3.3487     494.6602      60.9030     -17.4713
     49   45    1      24.7733       7.4902     -59.5466       3.4818       0.5475       2.9344     413.1789      51.5196     -20.0206
     50   45    1      26.1140       7.9285     -63.1889       3.2481       0.7586       2.4895     492.1536      59.6230     -24.2611
     51   45    1      26.0955       7.7942     -65.3807       3.2687       0.8349       2.4339     546.0178      67.0469     -28.7759
     52   45    1      34.3730      10.4964     -62.3464       4.3567       0.4679       3.8888     528.1108      63.5041     -14.7998
     53   45    1      22.1230       6.5781     -60.2141       3.5201       0.4583       3.0618     404.5438      49.8892     -23.2495
     54   45    1      33.8017      10.3053     -63.3247       4.3737       0.5390       3.8347     579.4098      70.5480     -19.0392
     55   45    1      33.1202      10.1065     -68.7837       4.0139       0.8084       3.2055     642.3694      77.5792     -28.4511
     56   45    1      30.9654       9.3937     -72.8332       3.4379       1.1527       2.2851     647.6657      76.3594     -33.9411
     57   45    1      33.5359      10.2366     -72.1134       3.7843       0.9897       2.7947     728.4301      87.9358     -33.2489
     58   45    1       6.8766       2.0554     -60.0316       1.5323       0.4650       1.0673      53.7554       9.5796     -26.1276
     59   45    1      12.5252       3.7516     -60.1726       2.3691       0.4612       1.9079      59.0175      10.4504     -19.0707
     60   45    1      22.4674       6.7689     -66.2251       3.4458       0.5894       2.8564     224.0284      29.2921     -20.4407
     61   45    1      37.7518      11.6061     -71.3628       4.6973       0.7546       3.9426     664.8841      80.3757     -24.8156
     62   45    1      41.8156      12.8423     -73.7226       4.9742       0.7636       4.2106     822.3929      99.1547     -28.6648
     63   45    1      25.9695       7.9476     -67.7963       3.8830       0.6134       3.2696     394.2324      49.5351     -24.7217
     64   45    1      17.8778       5.3661     -65.5812       3.2356       0.5413       2.6943     184.2405      25.0324     -23.7568
     65   45    1       9.7546       2.9245     -64.7694       2.0906       0.4756       1.6151      63.1937      11.7923     -28.1359
     66   45    1       8.5022       2.5511     -65.7188       1.8309       0.5134       1.3175      72.6343      11.9060     -30.7019
     67   45    1      37.0784      11.2382     -72.6864       5.1385       0.7210       4.4175     531.5547      65.6859     -19.9101
     68   45    1      42.6762      13.1683     -75.1546       5.3113       0.8091       4.5022     644.8050      77.9230     -19.5906
     69   45    1      33.2679      10.2162     -73.3355       4.6107       0.8159       3.7948     488.4500      60.7522     -22.9336
     70   45    1      15.2945       4.6474     -71.2441       2.4890       0.7231       1.7658     155.6042      21.4521     -29.0312
     71   45    1      25.5618       7.7539     -72.0731       4.1016       0.7169       3.3847     226.9083      31.5438     -19.8449
     72   45    1      38.3914      11.8793     -73.3018       5.2337       0.7049       4.5288     559.0908      68.1663     -19.5670
     73   45    1      32.0945       9.8890     -71.3193       4.7381       0.6451       4.0930     460.8408      57.1350     -21.7639
     74   45    1      39.6850      12.1646     -73.5155       5.4387       0.6320       4.8067     629.2160      76.1167     -21.6158
     75   45    1      45.0219      13.9860     -76.6515       5.6606       0.7512       4.9095     742.4507      89.3440     -22.1256
     76   45    1      41.0216      12.7713     -79.4870       5.0054       1.0609       3.9445     725.2891      86.4703     -28.0264
     77   45    1      12.0394       3.6118     -72.6188       2.3997       0.7030       1.6967     125.1152      18.1624     -32.3807
     78   45    1      29.7755       9.0686     -74.3163       4.7287       0.6683       4.0604     461.4793      57.1394     -26.2647
     79   45    1      36.7694      11.2426     -76.2748       5.3305       0.7054       4.6250     529.2117      65.1939     -22.1387
     80   45    1      43.7895      13.5095     -80.1129       5.7358       0.8114       4.9245     718.4997      87.1754     -24.3292
     81   45    1      47.5715      14.8782     -82.8595       5.8652       0.9190       4.9462     806.5788      96.8112     -25.4134
     82   45    1      38.3121      11.8497     -85.6140       5.0462       1.2278       3.8184     640.6461      77.3532     -30.3542
     83   45    1      45.3093      14.0861     -82.2858       5.9139       0.8270       5.0868     754.2831      91.0874     -24.4248
     84   45    1      51.5036      16.1407     -83.0709       6.4323       0.7251       5.7073     876.9818     104.2863     -23.8983
     85   45    1      48.4420      15.0805     -82.8558       6.3102       0.7996       5.5106     858.3286     103.3859     -26.6812
     86   45    1      51.3374      16.0923     -86.2610       6.2804       1.0018       5.2786     895.7269     106.8624     -26.4966
     87   45    1      27.8595       8.5709     -85.7934       4.1910       1.1699       3.0211     459.2424      56.9242     -35.4422
     88   45    1      51.3445      16.0944     -93.5210       5.8518       1.4069       4.4449    1111.1394     131.6477     -39.7264
     89   45    1      53.1352      16.6921     -90.1118       6.3999       1.1264       5.2735     988.7058     117.7282     -30.2817
     90   45    1      50.0737      15.6880     -88.2145       6.4438       1.0341       5.4097     863.9083     103.9697     -27.1321
     91   45    1      53.9125      16.9523     -90.9269       6.5300       1.1802       5.3498     911.4539     108.5714     -26.3945
     92   45    1      28.4055       8.7922     -84.1915       4.5104       0.9842       3.5262     442.3909      55.0175     -32.8424
     93   45    1      39.2036      12.2299     -87.1261       5.5742       1.0473       4.5269     611.4666      74.4756     -28.1726
     94   45    1      41.5317      12.9273     -88.2622       5.9894       1.0683       4.9211     656.4493      80.7419     -28.1893
     95   45    1      57.0611      18.0271     -92.5855       6.9981       1.1453       5.8528     945.4143     112.2048     -24.6971
     96   45    1      49.8695      15.6950     -91.9625       6.4005       1.1304       5.2700     839.4802     100.5810     -28.5407
     97   45    1      57.0930      18.0755     -95.4438       6.7820       1.2894       5.4926    1005.5082     118.5963     -29.3368
     98   45    1      50.0472      15.8453    -101.5020       5.4306       1.9691       3.4615     863.2209      99.3127     -35.0959
     99   45    1      53.0478      16.8654     -98.3744       6.5441       1.4545       5.0896     909.2847     107.8175     -30.0097
    100   45    1      42.1731      13.1687    -101.6825       5.1793       1.9938       3.1854     745.6120      87.4053     -39.4948
    101   45    1      27.4469       8.5073     -99.9538       3.8606       1.7626       2.0980     530.7303      62.8048     -47.7865
    102   45    1      14.7039       4.5375     -89.7195       2.9450       0.9322       2.0129     152.8944      21.2386     -40.1190
    103   45    1      10.0099       3.0896     -90.1619       2.1404       0.9219       1.2185      48.5366      10.6294     -41.9132
    104   45    1      55.9721      17.8070     -99.4036       7.2189       1.2325       5.9864     780.1555      92.6304     -21.9524
    105   45    1      46.7075      14.8983     -97.8145       6.5406       1.1539       5.3867     591.5309      71.4927     -24.2897
    106   45    1      55.8788      17.8064    -103.9220       7.0385       1.5066       5.5319     826.2949      98.6732     -26.8705
    107   45    1      60.0503      19.1556    -102.3701       7.7357       1.1754       6.5602     950.8357     113.3226     -26.0828
    108   45    1      60.6256      19.3541    -108.2433       6.9724       1.6741       5.2983    1157.7421     136.4000     -38.8503
    109   45    1      57.9295      18.5337    -105.1789       7.3540       1.3901       5.9639     997.0517     118.3824     -32.4728
    110   45    1      45.8766      14.6047    -104.6116       6.2714       1.4602       4.8112     778.5557      93.3579     -37.2957
    111   45    1      27.6633       8.6192    -106.7454       4.0296       1.7780       2.2516     482.8107      57.6980     -50.0492
    112   45    1      43.5270      13.8816    -107.5677       5.6066       1.6556       3.9510     694.3832      83.2978     -38.5301
    113   45    1      61.5828      19.7296    -110.5566       7.5489       1.5551       5.9938    1096.9146     129.3403     -35.5689
    114   45    1      59.6567      19.0335    -110.1112       7.7471       1.5442       6.2029    1031.7020     122.9070     -34.9683
    115   45    1      66.2304      21.1751    -114.4844       7.7689       1.6330       6.1359    1381.5122     162.7274     -46.0151
    116   45    1      21.4763       6.7104    -101.1543       3.9521       1.0532       2.8988     301.4941      38.4964     -44.8057
    117   45    1      18.3077       5.7219    -101.2782       3.5682       1.0021       2.5662     186.0301      25.2087     -43.8327
    118   45    1      28.8861       9.0610    -106.0031       5.1006       1.1701       3.9305     421.9715      52.3932     -43.7373
    119   45    1      47.1222      14.9278    -111.6797       6.9594       1.4251       5.5342     757.1851      91.4550     -38.8421
    120   45    1      60.8135      19.6209    -117.6829       7.4685       1.8609       5.6077    1058.1449     123.2610     -39.0615
    121   45    1      59.6466      19.2487    -115.8147       7.6917       1.7623       5.9295    1004.8749     118.4133     -36.4336
    122   45    1      65.5349      21.1183    -113.3603       8.4176       1.5763       6.8412    1139.2939     134.0151     -34.0446
    123   45    1      72.3688      23.3532    -118.0590       8.7666       1.8213       6.9452    1312.6626     153.1267     -36.0628
    124   45    1      72.1031      23.3228    -126.5812       8.1697       2.1629       6.0068    1282.5898     147.7197     -40.4867
    125   45    1      74.9624      24.2645    -128.5813       8.2748       2.2604       6.0144    1360.8455     155.7172     -41.9899
    126   45    1      73.0780      23.7694    -128.1183       8.1556       2.1637       5.9919    1379.3049     158.0479     -44.7205
    127   45    1      75.9071      24.6326    -132.9526       7.9574       2.5675       5.3898    1358.6383     154.1881     -43.4090
    128   45    1      64.1056      20.9258    -125.3046       8.2205       1.9753       6.2452    1131.9497     132.6431     -41.3712
    129   45    1      34.7082      11.1071    -120.3219       5.4438       1.7719       3.6719     567.3143      68.4864     -46.4073
    130   45    1      31.2528      10.0274    -119.0764       5.5136       1.6290       3.8846     263.2528      36.5429     -35.7456
    131   45    1      11.3035       3.6157    -115.7460       2.4682       1.4530       1.0152      70.7280      12.1633     -50.7189
    132   45    1      25.7786       8.2473    -117.6108       4.9050       1.4955       3.4095     287.3210      37.4957     -48.3078
    133   45    1      38.9111      12.4863    -122.7048       6.5590       1.8277       4.7313     410.6653      52.4876     -40.1163
    134   45    1      42.8308      13.7273    -119.6159       7.1309       1.5539       5.5770     581.5892      70.4289     -40.4136
    135   45    1      22.0728       7.0737    -114.8991       4.4633       1.2835       3.1798     247.1704      32.2519     -44.6486
    136   45    1      74.5496      24.4246    -121.3050       9.7305       1.6454       8.0851    1179.4635     135.7122     -28.9347
    137   45    1      77.4454      25.3986    -125.9600       9.5901       1.9187       7.6715    1327.1371     153.0951     -34.4838
    138   45    1      77.3723      25.3979    -125.0063       9.9869       1.8256       8.1613    1039.8004     117.4031     -20.2680
    139   45    1      75.2514      24.7196    -128.5931       9.1569       2.1647       6.9922    1406.5969     162.3530     -42.4135
    140   45    1      77.5885      25.5198    -131.5399       8.6518       2.5556       6.0962    1459.1921     165.7140     -44.4942
    141   45    1      65.9666      21.6892    -128.1311       8.1740       2.3533       5.8207    1233.2731     141.9768     -45.8188
    142   45    1      64.7480      21.2483    -134.9968       8.1969       2.2159       5.9810    1204.5565     139.8317     -45.1802
    143   45    1      78.1886      25.7956    -136.3997       9.6899       2.1228       7.5670    1409.0221     162.8447     -38.1418
    144   45    1      25.1563       8.1447    -124.5532       4.5577       1.6264       2.9313     276.5532      37.0278     -48.2435
    145   45    1      31.4389      10.1817    -122.9156       5.8042       1.5095       4.2947     518.8889      62.0958     -49.2912
    146   45    1      44.0717      14.2413    -124.6469       7.3754       1.5488       5.8265     768.0507      91.4520     -45.9738
    147   45    1      73.8814      24.3603    -133.5827       9.4812       2.0534       7.4278    1230.3903     140.7132     -35.4177
    148   45    1      72.9009      24.0202    -134.6282       9.6645       2.0913       7.5732    1094.5165     125.6188     -30.0681
    149   45    1      69.8471      23.0708    -139.8611       8.3045       2.5636       5.7409    1300.5203     149.1475     -46.7478
    150   45    1      52.7698      17.3888    -132.0835       7.4149       2.0430       5.3719     931.6378     108.6011     -45.8407
    151   45    1      48.0777      15.7793    -131.9568       7.2699       2.0750       5.1948     775.3116      91.9672     -44.1629
    152   45    1      40.1467      13.1449    -133.1596       6.3220       2.2723       4.0498     627.7426      74.9363     -48.2775
    153   45    1      52.5420      17.3081    -137.0212       7.4584       2.4337       5.0247     912.9797     106.3953     -47.0831
    154   45    1      30.7422      10.0819    -130.4775       5.1274       1.9903       3.1371     463.8961      55.6893     -52.0501
    155   45    1      22.5844       7.3555    -127.2559       4.2958       1.9785       2.3173     170.0424      24.7628     -47.1052
    156   45    1       9.5045       3.0979    -124.9455       2.0536       1.8619       0.1918      20.2754       6.5864     -51.2372
    157   45    1      29.3295       9.6176    -123.2835       5.3602       1.6511       3.7091     277.1704      34.4578     -41.2103
    158   45    1      43.6229      14.2743    -127.2768       7.1336       1.8645       5.2691     575.6956      68.8145     -38.4949
    159   45    1      12.8409       4.1906    -125.5611       2.5990       1.8619       0.7371      80.9580      12.8851     -50.0103
    160   45    1      69.0637      22.8956    -133.4181       9.0931       2.0531       7.0400    1243.6620     143.2544     -40.5635
    161   45    1      71.8647      23.9047    -132.8525       9.3525       1.8753       7.4772    1308.4135     150.8510     -39.1738
    162   45    1      54.6082      18.1030    -129.4470       8.1205       1.8766       6.2439     919.7649     107.8098     -40.8774
    163   45    1      35.9439      11.7871    -126.1225       6.0491       1.7612       4.2880     589.1321      69.7565     -48.4687
    164   45    1      64.9549      21.5623    -133.3621       8.7760       2.0601       6.7158    1108.7249     127.6620     -39.1738
    165   45    1      68.8728      22.9151    -134.2749       8.9067       2.1241       6.7826    1148.6688     131.6765     -36.8000
    166   45    1      51.0330      16.9183    -132.1469       7.1093       2.2642       4.8451     918.9413     106.4370     -43.3030
    167   45    1      13.2225       4.3192    -123.4488       2.7547       1.6550       1.0998      90.9942      14.3212     -43.9779
    168   45    1      10.8329       3.5386    -120.4771       2.4506       1.4391       1.0115      29.0762       7.9173     -52.5156
    169   45    1      15.3603       5.0171    -121.3121       3.3395       1.5002       1.8392      57.1610      12.7413     -38.4927
    170   45    1      16.6301       5.4237    -124.3171       3.5429       1.5115       2.0314      77.5138      14.7870     -44.0477
    171   45    1      29.8642       9.7662    -125.0392       5.4299       1.6711       3.7588     309.5935      39.5168     -38.0748
    172   45    1      37.8873      12.3480    -126.7945       6.6308       1.7777       4.8530     443.2695      54.9595     -34.7158
    173   45    1      46.9267      15.5409    -130.2609       7.0869       1.7879       5.2990     540.9155      62.6461     -29.8785
    174   45    1      29.8942       9.7613    -130.5883       5.1970       1.8719       3.3252     415.1326      50.2841     -45.7968
    175   45    1      40.5362      13.4108    -131.9487       6.3107       1.8744       4.4363     494.1778      58.7017     -36.4029
    176   45    1      65.7644      21.8369    -138.3898       8.5677       2.0656       6.5021    1008.7231     115.5203     -30.8817
    177   45    1      59.5250      19.6726    -137.3674       8.3905       2.0021       6.3885     954.4364     111.1957     -35.8590
    178   45    1      57.8898      19.1272    -137.2843       8.2120       2.0416       6.1704     925.6201     107.6452     -36.7416
    179   45    1      64.4899      21.3672    -137.9695       8.7339       2.0442       6.6898     779.2102      86.8120     -22.1995
    180   45    1      46.6031      15.2403    -137.1732       7.4575       1.9931       5.4644     694.8962      82.5280     -40.3313
    181   45    1      40.9158      13.4368    -138.2871       6.5604       2.0185       4.5418     613.3914      72.5447     -38.2159
    182   45    1      50.8054      16.8726    -138.5857       7.3940       1.9972       5.3967     743.1660      86.7993     -38.1076
    183   45    1      35.6116      11.6554    -138.4917       5.7178       2.1604       3.5574     566.4843      67.5051     -49.9164
    184   45    1      42.1700      13.7184    -142.5768       6.2246       2.2979       3.9267     655.0220      77.0472     -48.0584
    185   45    1      65.3104      21.6574    -147.8627       7.8637       2.4335       5.4302    1355.8191     155.7520     -54.2855
    186   45    1      61.3576      20.3636    -146.8009       7.2691       2.6049       4.6642    1200.1847     136.1888     -51.8861
    187   45    1      52.6298      17.4855    -139.7706       7.6662       1.9921       5.6742     799.2068      92.4753     -39.1099
    188   45    1      63.3234      20.9704    -144.2354       8.6426       2.2259       6.4166    1000.2455     115.4245     -36.5891
    189   45    1      39.3137      12.9593    -138.6473       6.2687       1.9929       4.2759     565.0185      67.5295     -44.8831
    190   45    1      50.0708      16.6564    -139.2124       7.3301       2.0163       5.3138     689.2399      79.4909     -37.0041
    191   45    1      34.9609      11.5255    -138.8703       5.8810       1.9955       3.8855     435.5371      53.2976     -43.8905
    192   45    1      13.6243       4.4409    -133.1987       2.9221       1.6296       1.2925      77.0134      12.3974     -52.1824
    193   45    1      43.8376      14.4453    -137.7584       7.1450       1.8536       5.2914     562.3281      66.5035     -38.1273
    194   45    1      16.9872       5.5530    -136.4600       3.4807       1.9779       1.5028     101.5053      16.9620     -50.8248
    195   45    1      10.3749       3.3897    -134.5697       2.3184       1.7337       0.5847      24.0951       6.9892     -48.9531
    196   45    1      23.2615       7.6045    -135.6902       4.5533       1.8009       2.7524     192.5207      26.7484     -46.6601
    197   45    1      34.7232      11.4195    -138.3684       5.9619       2.0051       3.9567     411.7001      50.7049     -43.3640
    198   45    1      43.5213      14.3308    -141.9683       6.7839       2.0727       4.7112     567.0770      67.4503     -41.1338
    199   45    1      44.3175      14.5023    -139.7046       7.0410       1.8893       5.1517     552.5311      66.2065     -38.6016
    200   45    1      48.7203      15.9612    -140.4360       7.7182       1.8924       5.8259     605.2590      72.1294     -35.7738
    201   45    1      53.6872      17.6663    -142.7505       8.0333       1.9646       6.0687     648.5330      75.1889     -32.4005
    202   45    1      40.6172      13.4287    -141.2740       6.5935       2.2522       4.3413     453.3663      54.7740     -38.8852
    203   45    1      14.8066       4.8470    -137.7776       2.9264       2.0253       0.9011     129.2408      17.5566     -49.6683
    204   45    1      30.0958       9.8589    -139.6351       5.4218       2.0642       3.3576     357.7801      44.5158     -47.5506
    205   45    1      23.2464       7.6168    -136.5575       4.5480       1.8172       2.7308     232.7736      31.3186     -43.2057
    206   45    1      21.5425       7.0704    -135.1772       4.3161       1.6520       2.6641     212.1618      27.3536     -49.3464
    207   45    1      47.3179      15.5802    -140.8184       7.5731       1.8342       5.7389     622.1773      73.4336     -38.5693
    208   45    1      51.7902      17.1030    -142.2103       7.8554       1.8540       6.0014     657.9868      76.1932     -35.1166
    209   45    1      15.7842       5.1741    -135.3381       3.3593       1.8282       1.5311     104.2127      16.8782     -46.2705
    210   45    1      27.7564       9.1309    -140.1605       4.8471       2.2041       2.6430     358.8055      43.0153     -51.1095
    211   45    1      25.1452       8.2477    -136.3928       4.8596       1.8644       2.9952     303.7609      38.3355     -49.9271
    212   45    1      30.2712       9.9775    -137.2880       5.5533       1.8031       3.7503     433.3705      51.5494     -49.1395
    213   45    1      32.2202      10.6330    -140.2230       5.7438       1.5645       4.1794     443.3310      52.6574     -48.6211
    214   45    1      31.3023      10.3339    -140.7806       5.7471       1.6329       4.1142     444.8594      53.2224     -50.3187
    215   45    1      43.1927      14.0421    -145.6264       7.1573       1.7583       5.3989     635.9214      74.8549     -35.3865
    216   45    1      48.0149      15.9003    -143.6219       7.3960       1.6023       5.7936     704.4296      82.0986     -37.6163
    217   45    1      47.0832      15.5558    -144.3958       7.4202       1.6682       5.7520     690.5780      80.9683     -32.7673
    218   45    1      45.0689      14.8565    -142.5017       7.3215       1.5193       5.8021     663.9174      78.0656     -33.6023
    219   45    1      46.8771      15.4452    -143.0714       7.3551       1.5413       5.8138     656.5066      76.9328     -31.2905
    220   45    1      48.4769      15.9725    -140.5065       7.5411       1.3668       6.1742     694.5822      80.9683     -30.3979
    221   45    1      40.2076      13.2574    -139.4076       6.9639       1.4267       5.5371     510.1758      61.2462     -31.2583
    222   45    1      37.6524      12.2863    -138.6160       6.5308       1.4072       5.1236     517.7231      62.0763     -34.8239
    223   45    1      40.6788      13.4119    -144.9169       6.5129       1.8107       4.7022     671.1313      78.6481     -41.3786
    224   45    1      24.9174       8.1362    -141.6935       4.8512       1.6475       3.2038     263.1926      33.5743     -39.5195
    225   45    1      18.2836       5.9975    -138.4016       3.8205       1.4988       2.3217     134.4962      19.3240     -40.7441
    226   45    1      14.7919       4.8646    -138.9348       3.1659       1.5075       1.6584     160.6500      20.2853     -46.7580
    227   45    1      28.4378       9.3114    -141.6695       5.4611       1.6212       3.8399     326.2668      40.5833     -37.6366
    228   45    1      38.4135      12.6891    -144.3512       6.3986       1.7684       4.6301     479.9216      57.0618     -33.8890
    229   45    1      27.2334       8.9011    -144.5108       5.0182       1.7925       3.2258     376.4551      45.6541     -43.3573
    230   45    1      43.1145      14.1472    -138.7954       6.8345       1.2862       5.5483     580.1894      67.4581     -31.4534
    231   45    1      24.2703       7.9817    -137.2285       4.7755       1.3760       3.3994     324.7522      39.5151     -41.7989
    232   45    1      23.6750       7.8049    -135.4182       4.6770       1.2245       3.4526     288.9425      34.7474     -39.1318
    233   45    1      44.8687      14.7078    -143.0173       7.0250       1.4697       5.5553     523.2896      61.0970     -28.5976
    234   45    1      43.5423      14.2983    -135.7225       6.8788       1.1373       5.7415     552.4271      63.8101     -28.8638
    235   45    1      42.0138      13.8494    -137.7511       6.7252       1.2555       5.4697     535.5142      62.1427     -30.4128
    236   45    1      43.2791      14.2194    -136.4481       6.9520       1.2695       5.6825     578.8731      67.2051     -30.2711
    237   45    1      37.4355      12.3913    -136.0320       6.3071       1.3031       5.0040     526.0952      61.3433     -34.8918
    238   45    1      36.3571      11.9572    -136.6543       6.2852       1.3512       4.9340     463.7777      54.6849     -33.4183
    239   45    1      26.6395       8.8017    -134.5738       5.1645       1.3601       3.8044     238.7119      29.7705     -33.3773
    240   45    1      36.2533      11.9809    -142.2539       6.0788       1.6133       4.4656     487.3755      57.0161     -36.3357
    241   45    1      30.4428      10.0741    -138.3385       5.5262       1.4470       4.0793     390.3753      47.0654     -37.9306
    242   45    1      36.1368      11.7804    -139.5817       6.0155       1.5055       4.5100     452.3487      53.5959     -33.8854
    243   45    1      38.5463      12.4293    -138.2514       6.2634       1.2978       4.9657     424.3162      50.4477     -29.7304
    244   45    1      38.3132      12.3527    -136.3722       6.2782       1.2013       5.0769     404.7060      48.1866     -28.6331
    245   45    1      37.3621      12.0380    -137.0218       6.0059       1.2357       4.7702     484.6828      57.4455     -34.4072
    246   45    1      36.3534      11.7188    -135.0245       6.0274       1.2602       4.7672     487.0708      57.9534     -34.5930
    247   45    1      28.1817       9.0872    -134.6410       5.2499       1.2923       3.9576     358.9826      44.3963     -38.1338
    248   45    1      32.5698      10.4797    -138.0489       5.5167       1.3880       4.1287     425.5427      51.2414     -37.7711
    249   45    1      25.7693       8.2907    -138.8789       4.9112       1.4716       3.4396     337.4246      41.9226     -41.5465
    250   45    1      35.4479      11.3597    -139.5250       5.8981       1.3716       4.5264     485.9261      58.2265     -37.5754
    251   45    1      36.2721      11.6031    -140.7364       5.8924       1.4112       4.4811     506.3990      60.4193     -37.9575
    252   45    1      31.4662      10.0559    -143.8624       5.5211       1.5895       3.9316     449.0012      54.2079     -41.5291
    253   45    1      35.7688      11.3481    -149.7894       5.7860       1.6936       4.0924     684.6768      80.8922     -51.1698
    254   45    1      30.9061       9.8298    -147.3581       5.2058       1.5592       3.6466     404.7928      49.6442     -41.9644
    255   45    1      36.7763      11.6411    -142.3336       5.9766       1.4054       4.5712     440.1499      53.0964     -34.7753
